1	125.407	-43.0289	1.17339	-86.1008	89.9162	-20.7277	33.8053	-7.18999
2	125.407	-43.0289	1.17339	-86.1008	89.9162	-20.7277	33.8053	-7.18999
3	125.407	-43.0289	1.17339	-86.1008	89.9162	-20.7277	33.8053	-7.18999
4	125.407	-43.0289	1.17339	-86.1008	89.9162	-20.7277	33.8053	-7.18999
5	125.407	-43.0289	1.17339	-86.1008	89.9162	-20.7277	33.8053	-7.18999
6	125.407	-43.0289	1.17339	-86.1008	89.9162	-20.7277	33.8053	-7.18999
7	125.407	-43.0289	1.17339	-86.1008	89.9162	-20.7277	33.8053	-7.18999
8	125.407	-43.0289	1.17339	-86.1008	89.9162	-20.7277	33.8053	-7.18999
9	125.407	-43.0289	1.17339	-86.1008	89.9162	-20.7277	33.8053	-7.18999
10	125.407	-43.0289	1.17339	-86.1008	89.9162	-20.7277	33.8053	-7.18999
11	125.407	-43.0289	1.17339	-86.1008	89.9162	-20.7277	33.8053	-7.18999
12	125.407	-43.0289	1.17339	-86.1008	89.9162	-20.7277	33.8053	-7.18999
13	125.407	-43.0289	1.17339	-86.1008	89.9162	-20.7277	33.8053	-7.18999
14	125.407	-43.0289	1.17339	-86.1008	89.9162	-20.7277	33.8053	-7.18999
15	125.407	-43.0289	1.17339	-86.1008	89.9162	-20.7277	33.8053	-7.18999
16	125.407	-43.0289	1.17339	-86.1008	89.9162	-20.7277	33.8053	-7.18999
17	125.407	-43.0289	1.17339	-86.1008	89.9162	-20.7277	33.8053	-7.18999
18	125.407	-43.0289	1.17339	-86.1008	89.9162	-20.7277	33.8053	-7.18999
19	125.407	-43.0289	1.17339	-86.1008	89.9162	-20.7277	33.8053	-7.18999
20	125.407	-43.0289	1.17339	-86.1008	89.9162	-20.7277	33.8053	-7.18999
21	125.407	-43.0289	1.17339	-86.1008	89.9162	-20.7277	33.8053	-7.18999
22	125.407	-43.0289	1.17339	-86.1008	89.9162	-20.7277	33.8053	-7.18999
23	125.407	-43.0289	1.17339	-86.1008	89.9162	-20.7277	33.8053	-7.18999
24	125.407	-43.0289	1.17339	-86.1008	89.9162	-20.7277	33.8053	-7.18999
25	125.407	-43.0289	1.17339	-86.1008	89.9162	-20.7277	33.8053	-7.18999
26	125.407	-43.0289	1.17339	-86.1008	89.9162	-20.7277	33.8053	-7.18999
27	125.407	-43.0289	1.17339	-86.1008	89.9162	-20.7277	33.8053	-7.18999
28	125.407	-43.0289	1.17339	-86.1008	89.9162	-20.7277	33.8053	-7.18999
29	125.407	-43.0289	1.17339	-86.1008	89.9162	-20.7277	33.8053	-7.18999
30	125.407	-43.0289	1.17339	-86.1008	89.9162	-20.7277	33.8053	-7.18999
31	125.407	-43.0289	1.17339	-86.1008	89.9162	-20.7277	33.8053	-7.18999
32	125.407	-43.0289	1.17339	-86.1008	89.9162	-20.7277	33.8053	-7.18999
33	125.407	-43.0289	1.17339	-86.1008	89.9162	-20.7277	33.8053	-7.18999
34	125.407	-43.0289	1.17339	-86.1008	89.9162	-20.7277	33.8053	-7.18999
35	125.407	-43.0289	1.17339	-86.1008	89.9162	-20.7277	33.8053	-7.18999
36	125.407	-43.0289	1.17339	-86.1008	89.9162	-20.7277	33.8053	-7.18999
37	125.407	-43.0289	1.17339	-86.1008	89.9162	-20.7277	33.8053	-7.18999
38	125.407	-43.0289	1.17339	-86.1008	89.9162	-20.7277	33.8053	-7.18999
39	125.407	-43.0289	1.17339	-86.1008	89.9162	-20.7277	33.8053	-7.18999
40	125.407	-43.0289	1.17339	-86.1008	89.9162	-20.7277	33.8053	-7.18999
41	125.407	-43.0289	1.17339	-86.1008	89.9162	-20.7277	33.8053	-7.18999
42	125.407	-43.0289	1.17339	-86.1008	89.9162	-20.7277	33.8053	-7.18999
43	125.407	-43.0289	1.17339	-86.1008	89.9162	-20.7277	33.8053	-7.18999
44	125.407	-43.0289	1.17339	-86.1008	89.9162	-20.7277	33.8053	-7.18999
45	125.407	-43.0289	1.17339	-86.1008	89.9162	-20.7277	33.8053	-7.18999
46	125.407	-43.0289	1.17339	-86.1008	89.9162	-20.7277	33.8053	-7.18999
47	125.407	-43.0289	1.17339	-86.1008	89.9162	-20.7277	33.8053	-7.18999
48	125.407	-43.0289	1.17339	-86.1008	89.9162	-20.7277	33.8053	-7.18999
49	125.407	-43.0289	1.17339	-86.1008	89.9162	-20.7277	33.8053	-7.18999
50	125.407	-43.0289	1.17339	-86.1008	89.9162	-20.7277	33.8053	-7.18999
51	125.407	-43.0289	1.17339	-86.1008	89.9162	-20.7277	33.8053	-7.18999
52	125.407	-43.0289	1.17339	-86.1008	89.9162	-20.7277	33.8053	-7.18999
53	125.407	-43.0289	1.17339	-86.1008	89.9162	-20.7277	33.8053	-7.18999
54	125.407	-43.0289	1.17339	-86.1008	89.9162	-20.7277	33.8053	-7.18999
55	125.407	-43.0289	1.17339	-86.1008	89.9162	-20.7277	33.8053	-7.18999
56	125.407	-43.0289	1.17339	-86.1008	89.9162	-20.7277	33.8053	-7.18999
57	125.407	-43.0289	1.17339	-86.1008	89.9162	-20.7277	33.8053	-7.18999
58	125.407	-43.0289	1.17339	-86.1008	89.9162	-20.7277	33.8053	-7.18999
59	125.407	-43.0289	1.17339	-86.1008	89.9162	-20.7277	33.8053	-7.18999
60	125.407	-43.0289	1.17339	-86.1008	89.9162	-20.7277	33.8053	-7.18999
61	125.407	-43.0289	1.17339	-86.1008	89.9162	-20.7277	33.8053	-7.18999
62	125.407	-43.0289	1.17339	-86.1008	89.9162	-20.7277	33.8053	-7.18999
63	125.407	-43.0289	1.17339	-86.1008	89.9162	-20.7277	33.8053	-7.18999
64	125.407	-43.0289	1.17339	-86.1008	89.9162	-20.7277	33.8053	-7.18999
65	125.407	-43.0289	1.17339	-86.1008	89.9162	-20.7277	33.8053	-7.18999
66	125.407	-43.0289	1.17339	-86.1008	89.9162	-20.7277	33.8053	-7.18999
67	125.407	-43.0289	1.17339	-86.1008	89.9162	-20.7277	33.8053	-7.18999
68	125.407	-43.0289	1.17339	-86.1008	89.9162	-20.7277	33.8053	-7.18999
69	125.407	-43.0289	1.17339	-86.1008	89.9162	-20.7277	33.8053	-7.18999
70	125.407	-43.0289	1.17339	-86.1008	89.9162	-20.7277	33.8053	-7.18999
71	125.407	-43.0289	1.17339	-86.1008	89.9162	-20.7277	33.8053	-7.18999
72	125.407	-43.0289	1.17339	-86.1008	89.9162	-20.7277	33.8053	-7.18999
73	125.407	-43.0289	1.17339	-86.1008	89.9162	-20.7277	33.8053	-7.18999
74	125.407	-43.0289	1.17339	-86.1008	89.9162	-20.7277	33.8053	-7.18999
75	125.407	-43.0289	1.17339	-86.1008	89.9162	-20.7277	33.8053	-7.18999
76	125.407	-43.0289	1.17339	-86.1008	89.9162	-20.7277	33.8053	-7.18999
77	125.407	-43.0289	1.17339	-86.1008	89.9162	-20.7277	33.8053	-7.18999
78	125.407	-43.0289	1.17339	-86.1008	89.9162	-20.7277	33.8053	-7.18999
79	125.407	-43.0289	1.17339	-86.1008	89.9162	-20.7277	33.8053	-7.18999
80	125.407	-43.0289	1.17339	-86.1008	89.9162	-20.7277	33.8053	-7.18999
81	125.407	-43.0289	1.17339	-86.1008	89.9162	-20.7277	33.8053	-7.18999
82	125.407	-43.0289	1.17339	-86.1008	89.9162	-20.7277	33.8053	-7.18999
83	125.407	-43.0289	1.17339	-86.1008	89.9162	-20.7277	33.8053	-7.18999
84	125.407	-43.0289	1.17339	-86.1008	89.9162	-20.7277	33.8053	-7.18999
85	125.407	-43.0289	1.17339	-86.1008	89.9162	-20.7277	33.8053	-7.18999
86	125.407	-43.0289	1.17339	-86.1008	89.9162	-20.7277	33.8053	-7.18999
87	125.407	-43.0289	1.17339	-86.1008	89.9162	-20.7277	33.8053	-7.18999
88	125.407	-43.0289	1.17339	-86.1008	89.9162	-20.7277	33.8053	-7.18999
89	125.407	-43.0289	1.17339	-86.1008	89.9162	-20.7277	33.8053	-7.18999
90	125.407	-43.0289	1.17339	-86.1008	89.9162	-20.7277	33.8053	-7.18999
91	125.407	-43.0289	1.17339	-86.1008	89.9162	-20.7277	33.8053	-7.18999
92	125.407	-43.0289	1.17339	-86.1008	89.9162	-20.7277	33.8053	-7.18999
93	125.407	-43.0289	1.17339	-86.1008	89.9162	-20.7277	33.8053	-7.18999
94	125.407	-43.0289	1.17339	-86.1008	89.9162	-20.7277	33.8053	-7.18999
95	125.407	-43.0289	1.17339	-86.1008	89.9162	-20.7277	33.8053	-7.18999
96	125.407	-43.0289	1.17339	-86.1008	89.9162	-20.7277	33.8053	-7.18999
97	125.407	-43.0289	1.17339	-86.1008	89.9162	-20.7277	33.8053	-7.18999
98	125.407	-43.0289	1.17339	-86.1008	89.9162	-20.7277	33.8053	-7.18999
99	125.407	-43.0289	1.17339	-86.1008	89.9162	-20.7277	33.8053	-7.18999
100	125.407	-43.0289	1.17339	-86.1008	89.9162	-20.7277	33.8053	-7.18999
